4.598130979759375986e-02 1.314905590226476684e-01 -9.635658338504377030e-02
4.798854003617274155e-02 1.282762635373509708e-01 -1.250226116246021812e-01
-2.034399323691241657e-01 5.682805272173467870e-01 -1.163538584474479165e-01
5.992970961991881396e-01 3.907722745381845830e-01 -5.496876187489187215e-02
6.037387103689282331e-01 7.621482648470552235e-01 2.561562398753277070e-01
7.712904542003912178e-01 4.101636145234145436e-01 2.296637247372083634e-01
2.276055133184498036e-01 7.376269531770685006e-01 2.595285801504064183e-01
2.306892312190526595e-01 7.046177962111637161e-01 -1.461118267789255146e-02
5.683036629124436079e-01 7.086147039893112565e-01 1.025296778101207444e-02
7.887450319520270536e-01 4.168073288600442350e-01 3.597438372938248363e-02
6.288338010645202480e-01 7.419139708266158095e-01 2.899793227469275037e-01
6.124490672170266325e-01 7.096267262431003031e-01 9.231082034879684040e-03
6.981426015007785590e-01 3.458293457454149067e-01 2.874553230774650608e-02
7.375920550666107411e-01 3.630016747475539596e-01 -3.284298683164336031e-05
-5.948897369898920734e-02 5.782579977789122916e-01 1.445479247053707006e-01
-1.473553526928993510e-02 6.381048382183227563e-01 3.879943189104824164e-01
9.061554780167881129e-03 6.452691201591996828e-01 4.264398822882795592e-01
2.590706597856066162e-01 7.572734336894237916e-01 4.058079669556721170e-01
7.350297747749581431e-03 6.319995014321795335e-01 1.280118170715848769e-01
1.453903857917981102e-01 6.996418855808652637e-01 1.818070048573800501e-01
6.610175599529056756e-01 2.694214713908994474e-01 -4.746514007188489676e-03
-3.386677011357226430e-01 4.013158957049313136e-01 -6.725460344057127005e-02
-3.063803779725703391e-01 4.289040759859161223e-01 -6.636286434885954599e-02
-2.711964512797760962e-01 4.543208841503083573e-01 -6.611452248806973242e-02
