4.597563047026318600e-02 1.314429149901957805e-01 -9.634155447242720438e-02
4.798688468055831158e-02 1.282659336007811457e-01 -1.250164986144774726e-01
-2.037146464157324477e-01 5.690627394735947586e-01 -1.164926137789533550e-01
5.992381551682945950e-01 3.907121067529712444e-01 -5.503650363143900576e-02
6.124111317937065424e-01 7.731473947004136038e-01 2.597868160626877754e-01
9.392913789663145385e-01 4.998767323309696864e-01 2.795616452098868554e-01
2.278267124457906689e-01 7.383562140753526792e-01 2.597760578260179809e-01
2.309300699494658549e-01 7.053547738318889371e-01 -1.464382769453444026e-02
5.704245546534536526e-01 7.112656776650015944e-01 1.024630209020895889e-02
8.078981995504227465e-01 4.269667795854218406e-01 3.675591210269391063e-02
6.458536177936874401e-01 7.620792078561022809e-01 2.977631733705090600e-01
6.154727626341814917e-01 7.131377652571216919e-01 9.225107651969396624e-03
7.301317678961489754e-01 3.617421994166440946e-01 2.991612999602281248e-02
7.434990644925790759e-01 3.659168602557885674e-01 -1.029063737501692891e-04
-5.948871240313483022e-02 5.782504117518382225e-01 1.445471737055422368e-01
-1.473604853168640483e-02 6.382205627050551167e-01 3.880634611002243273e-01
9.064180809333893113e-03 6.457846384376854099e-01 4.267815149432391819e-01
2.591821336423114630e-01 7.576054474375973902e-01 4.059816671394047005e-01
7.350444476495619252e-03 6.321241906374205355e-01 1.280373375753612875e-01
1.453813014208132637e-01 6.995933044633489972e-01 1.817970371177017319e-01
6.664726234772436753e-01 2.716500173825256992e-01 -4.867209181066724059e-03
-3.391731989120409518e-01 4.019285732283111034e-01 -6.732326469673279024e-02
-3.069230769486059329e-01 4.296790963771187077e-01 -6.644333377896294301e-02
-2.714446794973635613e-01 4.547460303294875161e-01 -6.615139453729788899e-02
